1101
1103
1215
1217
1259
1304
1305
1308
1309
1310
1314
1333
1337
1338
1340
1410
1414
1417
1418
1432
1435
1464
1471
1474
1503
1504
1506
1512
1514
1517
1527
1529
1537
1558
1582
1584
1604
1605
1609
1611
1612
1721
1723
1733
1742
1781
1785
1806
1815
1904
2002
2014
2017
2020
2022
2023
2024
2025
2035
2049
2061
2102
2103
2104
2107
2109
2206
2233
2303
2328
2329
2337
2340
2345
2349
2353
2363
2364
2365
2368
2369
2371
2379
2380
2401
2402
2404
2405
2406
2413
2417
2419
2420
2426
2431
2439
2443
2444
2449
2455
2457
2458
2459
2460
2461
2462
2464
2465
2467
2478
2480
2481
2485
2486
2488
2492
2493
2498
2499
2504
2505
2506
2514
2515
2516
2530
2543
2601
2605
2608
2612
2613
2616
2633
2636
2704
2705
2727
2820
2834
2841
2880
2883
2884
2885
2887
2889
2890
2891
2901
2904
2913
2929
3010
3016
3019
3023
3024
3028
3029
3033
3034
3035
3036
3037
3038
3041
3042
3043
3046
3047
3048
3049
3050
3051
3052
3055
3059
3060
3062
3078
3086
3090
3094
3118
3122
3128
3131
3141
3149
3163
3176
3202
3206
3207
3211
3213
3218
3221
3227
3232
3234
3236
3257
3260
3264
3268
3284
3285
3288
3289
3303
3305
3311
3312
3313
3317
3322
3323
3324
3325
3338
3360
3363
3372
3373
3379
3390
3402
3441
3450
3455
3465
3479
3483
3484
3490
3498
3508
3518
3523
3527
3535
3540
3546
3548
3550
3552
3556
3557
3567
3576
3580
3588
3591
3593
3596
3607
3615
3622
3624
3625
3630
3642
3645
3646
3661
3672
3686
3687
3691
3702
3704
3708
3710
3715
4102
4105
4109
4113
4119
4121
4126
4129
4133
4142
4147
4162
4168
4303
4304
4306
4419
4510
4513
4526
4533
4716
4721
4735
4760
4807
4903
4906
4908
4909
4927
4934
4939
4953
4956
4960
4968
4971
4973
4974
4979
4991
4995
4999
5009
5013
5014
5201
5202
5203
5251
5263
5272
5289
5309
5314
5324
5328
5345
5351
5355
5356
5381
5392
5410
5425
5426
5438
5450
5452
5455
5471
5478
5481
5483
5487
5490
5515
5521
5529
5609
5876
5880
6005
6015
6104
6108
6112
6116
6123
6125
6126
6127
6129
6131
6133
6136
6143
6147
6148
6150
6151
6152
6153
6158
6160
6164
6167
6169
6176
6182
6186
6187
6189
6191
6197
6213
6215
6216
6217
6220
6223
6224
6231
6233
6234
6237
6239
6243
6246
6257
6259
6261
6269
6270
6274
6275
6282
6283
6284
6290
6291
6404
6411
6431
6432
6438
6443
6446
6449
6485
6509
6533
6596
6664
8011
8016
8021
8027
8028
8033
8034
8038
8039
8040
8042
8049
8050
8054
8064
8074
8076
8080
8081
8085
8086
8088
8091
8096
8105
8107
8111
8112
8163
8171
8176
8213
8222
8240
8255
8261
8271
8277
8299
8358
8383
8401
8409
8437
8443
8927
8933
8936
8996
9912
9914
9917
9918
9929
9960
